																		
Tissue  		Hydrogen	Carbon	Nitrogen	Oxygen	Sodium	Magnesium	Silicon	Phosphor	Sulfur	Chlorine	Argon	Potassium	Calcium 	Scandium	Iron 	Zinc	Iodine
Name																		
Adrenal Gland	Average	0.629844266	0.1416159	0.011117305	0.216364566				0.000193361	0.00037356	0.000337862		0.000153181					
 	Standard Deviation 	0	0	0	0				0	0	0		0					
 	Minimum	0.629844266	0.1416159	0.011117305	0.216364566				0.000193361	0.00037356	0.000337862		0.000153181					
 	Maximum	0.629844266	0.1416159	0.011117305	0.216364566				0.000193361	0.00037356	0.000337862		0.000153181					
Air	Average	0	0.00015	0.784431	0.210748							0.004671						
 	Standard Deviation 	0	0	0	0							0						
 	Minimum	0	0.00015	0.784431	0.210748							0.004671						
 	Maximum	0	0.00015	0.784431	0.210748							0.004671						
Bile	Average	0.653495725	0.030975276	0.00043543	0.313344299	0.001061156					0.000688114							
 	Standard Deviation 	0	0.1416159	0	0	0					0							
 	Minimum	0.653495725	0.030975276	0.00043543	0.313344299	0.001061156					0.000688114							
 	Maximum	0.653495725	0.030975276	0.00043543	0.313344299	0.001061156					0.000688114							
Blood	Average	0.599443383	0.102978414	0.013215545	0.278835104	0.000373329	4.98E-06	3.49E-06	0.000125765	0.00197772	0.002687521		0.00027373	4.48E-06		7.60E-05	4.98E-07	
 	Standard Deviation 	0.046466753	0.072242498	3.06E-05	0.02565289	0.000184182	0	0	7.81E-05	0.002311787	0.003142596		1.81E-05	0		3.44E-05	0	
 	Minimum	0.568890087	0.052291	0.013244665	0.261767335	0.000244528	0.00001	0.000007	0.000071	0.00035064	0.000475698		0.000262	0.000009		0.000052	0.000001	
 	Maximum	0.634604	0.15445732	0.013288	0.298046	0.000505	0.00001	0.000007	0.000181497	0.00362	0.00492		0.000287564	0.000009		0.000100665	0.000001	
Bone	Average	0.433852878	0.135997538	0.032643135	0.299529614	0.000252944	0.000937516		0.036527707	0.001042566				0.059215102			1.00E-06	
 	Standard Deviation 	0.058744935	0.019930023	0.003155001	0.023588611	0	2.76E-05		0.003036981	6.44E-05				0.008595189			1.41E-06	
 	Minimum	0.392311116	0.121904	0.030412	0.282848	0.000505885	0.000918		0.03438	0.000997				0.053137			0	
 	Maximum	0.475389	0.150089308	0.034873846	0.316207334	0.000505885	0.000957019		0.03867494	0.001088119				0.065292433			0.000002	
Bone (Cancellous)	Average	0.577227993	0.230237565	0.013683127	0.157009347	0.000297734	0.000281623		0.0075136	0.000426935	0.000386136		0.000175067	0.012638305		0.000122568		
 	Standard Deviation 	0	0.1416159	0	0	0	0		0	0	0		0	0		0		
 	Minimum	0.577227993	0.230237565	0.013683127	0.157009347	0.000297734	0.000281623		0.0075136	0.000426935	0.000386136		0.000175067	0.012638305		0.000122568		
 	Maximum	0.577227993	0.230237565	0.013683127	0.157009347	0.000297734	0.000281623		0.0075136	0.000426935	0.000386136		0.000175067	0.012638305		0.000122568		
Bone (Cortical)	Average	0.433852878	0.135997538	0.032643135	0.299529614	0.000252944	0.000937516		0.036527707	0.001042566				0.059215102			1.00E-06	
 	Standard Deviation 	0.058744935	0.019930023	0.003155001	0.023588611	0	2.76E-05		0.003036981	6.44E-05				0.008595189			1.41E-06	
 	Minimum	0.392311116	0.121904	0.030412	0.282848	0.000505885	0.000918		0.03438	0.000997				0.053137			0	
 	Maximum	0.475389	0.150089308	0.034873846	0.316207334	0.000505885	0.000957019		0.03867494	0.001088119				0.065292433			0.000002	
Bone Marrow (Red)	Average	0.606871406	0.200804795	0.014141164	0.159846408		0.000239688		0.006394801	0.000363363	0.000328639		0.000148999	0.01075642		0.000104318		
 	Standard Deviation 	0	0	0	0		0		0	0	0		0	0		0		
 	Minimum	0.606871406	0.200804795	0.014141164	0.159846408		0.000239688		0.006394801	0.000363363	0.000328639		0.000148999	0.01075642		0.000104318		
 	Maximum	0.606871406	0.200804795	0.014141164	0.159846408		0.000239688		0.006394801	0.000363363	0.000328639		0.000148999	0.01075642		0.000104318		
Bone Marrow (Yellow)	Average	0.624324604	0.293403195	0.002734699	0.079005181	0.00023802					0.000154346		0.000139955					
 	Standard Deviation 	0	0	0	0	0					0		0					
 	Minimum	0.624324604	0.293403195	0.002734699	0.079005181	0.00023802					0.000154346		0.000139955					
 	Maximum	0.624324604	0.293403195	0.002734699	0.079005181	0.00023802					0.000154346		0.000139955					
Brain	Average	0.654712	0.062268	0.005654	0.274952	0.000477	0.000037		0.000682	0.000329	0.000397		0.000473	0.000013		0.000005	0.000001	
 	Standard Deviation 	0	0	0	0	0	0		0	0	0		0	0		0	7.07E-07	
 	Minimum	0.654712	0.062268	0.005654	0.274952	0.000477	0.000037		0.000682	0.000329	0.000397		0.000473	0.000013		0.000005	0.000001	
 	Maximum	0.654712	0.062268	0.005654	0.274952	0.000477	0.000037		0.000682	0.000329	0.000397		0.000473	0.000013		0.000005	0.000001	
Brain (Grey Matter)	Average	0.648490883	0.048318124	0.007850394	0.292850821	0.000531435			0.000591673	0.000381025	0.00051692		0.000468725					
 	Standard Deviation 	0	0	0	0	0			0	0	0		0					
 	Minimum	0.648490883	0.048318124	0.007850394	0.292850821	0.000531435			0.000591673	0.000381025	0.00051692		0.000468725					
 	Maximum	0.648490883	0.048318124	0.007850394	0.292850821	0.000531435			0.000591673	0.000381025	0.00051692		0.000468725					
Brain (White Matter)	Average	0.637920219	0.097978005	0.010826781	0.250606855	0.000527704			0.00078336	0.00037835	0.000513291		0.000465434					
 	Standard Deviation 	0	0	0	0	0			0	0	0		0					
 	Minimum	0.637920219	0.097978005	0.010826781	0.250606855	0.000527704			0.00078336	0.00037835	0.000513291		0.000465434					
 	Maximum	0.637920219	0.097978005	0.010826781	0.250606855	0.000527704			0.00078336	0.00037835	0.000513291		0.000465434					
Breast Fat	Average	0.49970225	0.366640376	0.003015783	0.129464186	0.000180688			0.0005	0.000129548	0.000117168			0.00025				
 	Standard Deviation 	0.253144987	0.184083251	0.003470394	0.070534002	5.26E-06			0	3.77E-06	3.41E-06			0				
 	Minimum	0.12	0.243816217	0.000525712	0.067109586	0.000235879			0.002	0.000169119	0.000152957			0.001				
 	Maximum	0.629395608	0.64	0.008	0.229	0.00024638			0.002	0.000176648	0.000159767			0.001				
Breast Gland	Average	0.625235302	0.163078944	0.012833357	0.197904996	0.000259435			0.000192502	0.000327219	0.000168245							
 	Standard Deviation 	0.003886225	0.065224314	0.002865668	0.058440876	8.66E-06			6.43E-06	9.93E-05	5.61E-06							
 	Minimum	0.619992887	0.081816418	0.009414275	0.12828451	0.000249379			0.000185098	0.000178798	0.000161712							
 	Maximum	0.629386153	0.24153334	0.016429244	0.271333501	0.000270531			0.000200797	0.000387927	0.000175428							
Bronchi lumen	Average		0.00015	0.784431	0.210748							0.004671						
 	Standard Deviation 		0	0	0							0						
 	Minimum		0.00015	0.784431	0.210748							0.004671						
 	Maximum		0.00015	0.784431	0.210748							0.004671						
Cartilage	Average	0.623111416	0.05392573	0.010275809	0.304227448	0.001422868			0.004646842	0.001836286	0.000553602							
 	Standard Deviation 	0	0.1416159	0	0	0			0	0	0							
 	Minimum	0.623111416	0.05392573	0.010275809	0.304227448	0.001422868			0.004646842	0.001836286	0.000553602							
 	Maximum	0.623111416	0.05392573	0.010275809	0.304227448	0.001422868			0.004646842	0.001836286	0.000553602							
Cerebellum	Average	0.654712	0.062268	0.005654	0.274952	0.000477	0.000037		0.000682	0.000329	0.000397		0.000473	0.000013		0.000005	0.000001	
 	Standard Deviation 	0	0	0	0	0	0		0	0	0		0	0		0	7.07E-07	
 	Minimum	0.654712	0.062268	0.005654	0.274952	0.000477	0.000037		0.000682	0.000329	0.000397		0.000473	0.000013		0.000005	0.000001	
 	Maximum	0.654712	0.062268	0.005654	0.274952	0.000477	0.000037		0.000682	0.000329	0.000397		0.000473	0.000013		0.000005	0.000001	
Cerebrospinal Fluid	Average	0.665580491			0.33242315	0.001314461					0.000681898							
 	Standard Deviation 	0			0	0					0							
 	Minimum	0.665580491			0.33242315	0.001314461					0.000681898							
 	Maximum	0.665580491			0.33242315	0.001314461					0.000681898							
Commissura Anterior	Average	0.637920219	0.097978005	0.010826781	0.250606855	0.000527704			0.00078336	0.00037835	0.000513291		0.000465434					
 	Standard Deviation 	0	0	0	0	0			0	0	0		0					
 	Minimum	0.637920219	0.097978005	0.010826781	0.250606855	0.000527704			0.00078336	0.00037835	0.000513291		0.000465434					
 	Maximum	0.637920219	0.097978005	0.010826781	0.250606855	0.000527704			0.00078336	0.00037835	0.000513291		0.000465434					
Commissura Posterior	Average	0.637920219	0.097978005	0.010826781	0.250606855	0.000527704			0.00078336	0.00037835	0.000513291		0.000465434					
 	Standard Deviation 	0	0	0	0	0			0	0	0		0					
 	Minimum	0.637920219	0.097978005	0.010826781	0.250606855	0.000527704			0.00078336	0.00037835	0.000513291		0.000465434					
 	Maximum	0.637920219	0.097978005	0.010826781	0.250606855	0.000527704			0.00078336	0.00037835	0.000513291		0.000465434					
Connective Tissue	Average	0.604287228	0.11167405	0.02868178	0.251905083	0.001691091				0.001212468	0.0005483							
 	Standard Deviation 	0	0.1416159	0	0	0				0	0							
 	Minimum	0.604287228	0.11167405	0.02868178	0.251905083	0.001691091				0.001212468	0.0005483							
 	Maximum	0.604287228	0.11167405	0.02868178	0.251905083	0.001691091				0.001212468	0.0005483							
Diaphragm	Average	0.631286342	0.068516135	0.014553224	0.283624003	0.000248016	2.00E-05		0.00039649	0.000641266	0.000134039		0.000577485	1.00E-06		1.00E-06	1.00E-06	
 	Standard Deviation 	0.002903477	0.013365895	0.001530672	0.012530881	3.32E-05	1.41E-06		1.65E-05	0.000193103	1.77E-05		8.54E-05	0		0	0	
 	Minimum	0.626637212	0.056732	0.012488	0.266178457	0.000206	0.000049		0.000367	0.000475	0.000141		0.00048	0.000005		0.000005	0.000005	
 	Maximum	0.634223278	0.089034286	0.016072971	0.298104	0.00027261	0.000051		0.000404681	0.000976	0.000176776		0.000641178	0.000005		0.000005	0.000005	
Dura	Average	0.604287228	0.11167405	0.02868178	0.251905083	0.001691091				0.001212468	0.0005483							
 	Standard Deviation 	0	0.1416159	0	0	0				0	0							
 	Minimum	0.604287228	0.11167405	0.02868178	0.251905083	0.001691091				0.001212468	0.0005483							
 	Maximum	0.604287228	0.11167405	0.02868178	0.251905083	0.001691091				0.001212468	0.0005483							
Esophagus	Average	0.636502085	0.071391688	0.01277213	0.277992283	0.000268328			0.000199162	0.000384769	0.000174		0.000315554					
 	Standard Deviation 	0	0	0	0	0			0	0	0		0					
 	Minimum	0.636502085	0.071391688	0.01277213	0.277992283	0.000268328			0.000199162	0.000384769	0.000174		0.000315554					
 	Maximum	0.636502085	0.071391688	0.01277213	0.277992283	0.000268328			0.000199162	0.000384769	0.000174		0.000315554					
Eye (Lens)	Average	0.614192801	0.102624493	0.024971446	0.257578587	0.000139306			0.000103397	0.000299636	9.03E-05							
 	Standard Deviation 	0.005849469	0.001933927	0.001547781	0.001473027	0			0	0	0							
 	Minimum	0.610056602	0.101257	0.023877	0.256537	0.000278611			0.000206795	0.000599271	0.000180668							
 	Maximum	0.618329	0.103991986	0.026065893	0.258620174	0.000278611			0.000206795	0.000599271	0.000180668							
Eye Lens (Cortex)	Average	0.614192801	0.102624493	0.024971446	0.257578587	0.000139306			0.000103397	0.000299636	9.03E-05							
 	Standard Deviation 	0.005849469	0.001933927	0.001547781	0.001473027	0			0	0	0							
 	Minimum	0.610056602	0.101257	0.023877	0.256537	0.000278611			0.000206795	0.000599271	0.000180668							
 	Maximum	0.618329	0.103991986	0.026065893	0.258620174	0.000278611			0.000206795	0.000599271	0.000180668							
Eye Lens (Nucleus)	Average	0.614192801	0.102624493	0.024971446	0.257578587	0.000139306			0.000103397	0.000299636	9.03E-05							
 	Standard Deviation 	0.005849469	0.001933927	0.001547781	0.001473027	0			0	0	0							
 	Minimum	0.610056602	0.101257	0.023877	0.256537	0.000278611			0.000206795	0.000599271	0.000180668							
 	Maximum	0.618329	0.103991986	0.026065893	0.258620174	0.000278611			0.000206795	0.000599271	0.000180668							
Fat	Average	0.49970225	0.366640376	0.003015783	0.129464186	0.000180688			0.0005	0.000129548	0.000117168			0.00025				
 	Standard Deviation 	0.253144987	0.184083251	0.003470394	0.070534002	5.26E-06			0	3.77E-06	3.41E-06			0				
 	Minimum	0.12	0.243816217	0.000525712	0.067109586	0.000235879			0.002	0.000169119	0.000152957			0.001				
 	Maximum	0.629395608	0.64	0.008	0.229	0.00024638			0.002	0.000176648	0.000159767			0.001				
Fat (Average Infiltrated)	Average	0.49970225	0.366640376	0.003015783	0.129464186	0.000180688			0.0005	0.000129548	0.000117168			0.00025				
 	Standard Deviation 	0.253144987	0.184083251	0.003470394	0.070534002	5.26E-06			0	3.77E-06	3.41E-06			0				
 	Minimum	0.12	0.243816217	0.000525712	0.067109586	0.000235879			0.002	0.000169119	0.000152957			0.001				
 	Maximum	0.629395608	0.64	0.008	0.229	0.00024638			0.002	0.000176648	0.000159767			0.001				
Fat (Not Infiltrated)	Average	0.49970225	0.366640376	0.003015783	0.129464186	0.000180688			0.0005	0.000129548	0.000117168			0.00025				
 	Standard Deviation 	0.253144987	0.184083251	0.003470394	0.070534002	5.26E-06			0	3.77E-06	3.41E-06			0				
 	Minimum	0.12	0.243816217	0.000525712	0.067109586	0.000235879			0.002	0.000169119	0.000152957			0.001				
 	Maximum	0.629395608	0.64	0.008	0.229	0.00024638			0.002	0.000176648	0.000159767			0.001				
Heart Lumen	Average	0.599443383	0.102978414	0.013215545	0.278835104	0.000373329	4.98E-06	3.49E-06	0.000125765	0.00197772	0.002687521		0.00027373	4.48E-06		7.60E-05	4.98E-07	
 	Standard Deviation 	0.046466753	0.072242498	3.06E-05	0.02565289	0.000184182	0	0	7.81E-05	0.002311787	0.003142596		1.81E-05	0		3.44E-05	0	
 	Minimum	0.568890087	0.052291	0.013244665	0.261767335	0.000244528	0.00001	0.000007	0.000071	0.00035064	0.000475698		0.000262	0.000009		0.000052	0.000001	
 	Maximum	0.634604	0.15445732	0.013288	0.298046	0.000505	0.00001	0.000007	0.000181497	0.00362	0.00492		0.000287564	0.000009		0.000100665	0.000001	
Heart Muscle	Average	0.635337307	0.071660361	0.01282825	0.278292674	0.000269569			0.000400166	0.000386548	0.000349608		0.000475519					
 	Standard Deviation 	0.003417195	0.018258054	0.000824153	0.015971987	1.63E-06			2.41E-06	2.33E-06	2.11E-06		2.87E-06					
 	Minimum	0.631418092	0.053515322	0.012029212	0.263001299	0.000268496			0.000398574	0.00038501	0.000348217		0.000473627					
 	Maximum	0.637693199	0.090029369	0.01367541	0.294867794	0.00027144			0.000402945	0.000389232	0.000352035		0.00047882					
Hippocampus	Average	0.648490883	0.048318124	0.007850394	0.292850821	0.000531435			0.000591673	0.000381025	0.00051692		0.000468725					
 	Standard Deviation 	0	0	0	0	0			0	0	0		0					
 	Minimum	0.648490883	0.048318124	0.007850394	0.292850821	0.000531435			0.000591673	0.000381025	0.00051692		0.000468725					
 	Maximum	0.648490883	0.048318124	0.007850394	0.292850821	0.000531435			0.000591673	0.000381025	0.00051692		0.000468725					
Hypophysis	Average	0.638600738	0.061321024	0.01060489	0.288192937	0.000538426			0.000199819	0.000193019	0.000349147							
 	Standard Deviation 	0	0	0	0	0			0	0	0							
 	Minimum	0.638600738	0.061321024	0.01060489	0.288192937	0.000538426			0.000199819	0.000193019	0.000349147							
 	Maximum	0.638600738	0.061321024	0.01060489	0.288192937	0.000538426			0.000199819	0.000193019	0.000349147							
Hypothalamus	Average	0.648490883	0.048318124	0.007850394	0.292850821	0.000531435			0.000591673	0.000381025	0.00051692		0.000468725					
 	Standard Deviation 	0	0	0	0	0			0	0	0		0					
 	Minimum	0.648490883	0.048318124	0.007850394	0.292850821	0.000531435			0.000591673	0.000381025	0.00051692		0.000468725					
 	Maximum	0.648490883	0.048318124	0.007850394	0.292850821	0.000531435			0.000591673	0.000381025	0.00051692		0.000468725					
Intervertebral Disc	Average	0.623111416	0.05392573	0.010275809	0.304227448	0.001422868			0.004646842	0.001836286	0.000553602							
 	Standard Deviation 	0	0.1416159	0	0	0			0	0	0							
 	Minimum	0.623111416	0.05392573	0.010275809	0.304227448	0.001422868			0.004646842	0.001836286	0.000553602							
 	Maximum	0.623111416	0.05392573	0.010275809	0.304227448	0.001422868			0.004646842	0.001836286	0.000553602							
Kidney	Average	0.634959125	0.068654066	0.013458708	0.28077533	0.000540561			0.000401222	0.000387568	0.000350531		0.000317849	0.00015504				
 	Standard Deviation 	0.004831144	0.014115543	0.001586254	0.010873424	1.14E-06			8.43E-07	8.15E-07	7.37E-07		6.68E-07	3.26E-07				
 	Minimum	0.630091866	0.054720674	0.011952034	0.269691911	0.000539398			0.000400359	0.000386734	0.000349777		0.000317166	0.000154706				
 	Maximum	0.639753325	0.082944968	0.015114071	0.291425827	0.000541669			0.000402045	0.000388362	0.000351249		0.000318501	0.000155358				
Kidney (Cortex)	Average	0.634959125	0.068654066	0.013458708	0.28077533	0.000540561			0.000401222	0.000387568	0.000350531		0.000317849	0.00015504				
 	Standard Deviation 	0.004831144	0.014115543	0.001586254	0.010873424	1.14E-06			8.43E-07	8.15E-07	7.37E-07		6.68E-07	3.26E-07				
 	Minimum	0.630091866	0.054720674	0.011952034	0.269691911	0.000539398			0.000400359	0.000386734	0.000349777		0.000317166	0.000154706				
 	Maximum	0.639753325	0.082944968	0.015114071	0.291425827	0.000541669			0.000402045	0.000388362	0.000351249		0.000318501	0.000155358				
Kidney (Medulla)	Average	0.634959125	0.068654066	0.013458708	0.28077533	0.000540561			0.000401222	0.000387568	0.000350531		0.000317849	0.00015504				
 	Standard Deviation 	0.004831144	0.014115543	0.001586254	0.010873424	1.14E-06			8.43E-07	8.15E-07	7.37E-07		6.68E-07	3.26E-07				
 	Minimum	0.630091866	0.054720674	0.011952034	0.269691911	0.000539398			0.000400359	0.000386734	0.000349777		0.000317166	0.000154706				
 	Maximum	0.639753325	0.082944968	0.015114071	0.291425827	0.000541669			0.000402045	0.000388362	0.000351249		0.000318501	0.000155358				
Large Intestine	Average	0.636502085	0.071391688	0.01277213	0.277992283	0.000268328			0.000199162	0.000384769	0.000174		0.000315554					
 	Standard Deviation 	0	0.1416159	0	0	0			0	0	0		0					
 	Minimum	0.636502085	0.071391688	0.01277213	0.277992283	0.000268328			0.000199162	0.000384769	0.000174		0.000315554					
 	Maximum	0.636502085	0.071391688	0.01277213	0.277992283	0.000268328			0.000199162	0.000384769	0.000174		0.000315554					
Liver	Average	0.632071038	0.072942295	0.013385261	0.27903697	0.000543397			0.000604991	0.000584402	0.00035237		0.000479276					
 	Standard Deviation 	0.001406807	0.007265751	0.00143922	0.007203606	4.12E-06			4.59E-06	4.43E-06	2.67E-06		3.63E-06					
 	Minimum	0.630609661	0.066020096	0.011948529	0.27158191	0.00053924			0.000600363	0.000579931	0.000349674		0.000475609					
 	Maximum	0.633416047	0.080508697	0.014826957	0.285959574	0.000547481			0.000609539	0.000588795	0.000355018		0.000482878					
Lung	Average	0.639184265	0.053385303	0.007098153	0.298059658	0.00052665	9.45E-05		0.000285354	0.000516375	0.000503648		0.000317994	7.00E-06		2.06E-05	5.00E-07	
 	Standard Deviation 	0.008553176	0.000408309	0.008189498	0.000142074	3.20E-05	0		0.000173035	0.000105182	4.33E-05		7.06E-06	0		0	0	
 	Minimum	0.633136	0.053096564	0.001307301	0.297959077	0.000504	0.000189		0.000163	0.000442	0.000473		0.000313	0.000014		0.0000412	0.000001	
 	Maximum	0.645232018	0.053674	0.012889	0.29816	0.000549299	0.000189		0.000407708	0.00059075	0.000534296		0.000322987	0.000014		0.0000412	0.000001	
Lung (Deflated)	Average	0.639184265	0.053385303	0.007098153	0.298059658	0.00052665	9.45E-05		0.000285354	0.000516375	0.000503648		0.000317994	7.00E-06		2.06E-05	5.00E-07	
 	Standard Deviation 	0.008553176	0.000408309	0.008189498	0.000142074	3.20E-05	0		0.000173035	0.000105182	4.33E-05		7.06E-06	0		0	0	
 	Minimum	0.633136	0.053096564	0.001307301	0.297959077	0.000504	0.000189		0.000163	0.000442	0.000473		0.000313	0.000014		0.0000412	0.000001	
 	Maximum	0.645232018	0.053674	0.012889	0.29816	0.000549299	0.000189		0.000407708	0.00059075	0.000534296		0.000322987	0.000014		0.0000412	0.000001	
Mandible	Average	0.433852878	0.135997538	0.032643135	0.299529614	0.000252944	0.000937516		0.036527707	0.001042566				0.059215102		0	1.00E-06	
 	Standard Deviation 	0.058744935	0.019930023	0.003155001	0.023588611	0	2.76E-05		0.003036981	6.44E-05				0.008595189		#DIV/0!	1.41E-06	
 	Minimum	0.392311116	0.121904	0.030412	0.282848	0.000505885	0.000918		0.03438	0.000997				0.053137		0	0	
 	Maximum	0.475389	0.150089308	0.034873846	0.316207334	0.000505885	0.000957019		0.03867494	0.001088119				0.065292433		0	0.000002	
Medulla Oblongata	Average	0.654712	0.062268	0.005654	0.274952	0.000477	0.000037		0.000682	0.000329	0.000397		0.000473	0.000013		0.000005	0.000001	
 	Standard Deviation 	0	0	0	0	0	0		0	0	0		0	0		0	7.07E-07	
 	Minimum	0.654712	0.062268	0.005654	0.274952	0.000477	0.000037		0.000682	0.000329	0.000397		0.000473	0.000013		0.000005	0.000001	
 	Maximum	0.654712	0.062268	0.005654	0.274952	0.000477	0.000037		0.000682	0.000329	0.000397		0.000473	0.000013		0.000005	0.000001	
Meniscus	Average	0.623111416	0.05392573	0.010275809	0.304227448	0.001422868			0.004646842	0.001836286	0.000553602							
 	Standard Deviation 	0	0.1416159	0	0	0			0	0	0							
 	Minimum	0.623111416	0.05392573	0.010275809	0.304227448	0.001422868			0.004646842	0.001836286	0.000553602							
 	Maximum	0.623111416	0.05392573	0.010275809	0.304227448	0.001422868			0.004646842	0.001836286	0.000553602							
Midbrain	Average	0.654712	0.062268	0.005654	0.274952	0.000477	0.000037		0.000682	0.000329	0.000397		0.000473	0.000013		0.000005	0.000001	
 	Standard Deviation 	0	0	0	0	0	0		0	0	0		0	0		0	7.07E-07	
 	Minimum	0.654712	0.062268	0.005654	0.274952	0.000477	0.000037		0.000682	0.000329	0.000397		0.000473	0.000013		0.000005	0.000001	
 	Maximum	0.654712	0.062268	0.005654	0.274952	0.000477	0.000037		0.000682	0.000329	0.000397		0.000473	0.000013		0.000005	0.000001	
Muscle	Average	0.631286342	0.068516135	0.014553224	0.283624003	0.000248016	2.00E-05		0.00039649	0.000641266	0.000134039		0.000577485	1.00E-06		1.00E-06	1.00E-06	
 	Standard Deviation 	0.002903477	0.013365895	0.001530672	0.012530881	3.32E-05	1.41E-06		1.65E-05	0.000193103	1.77E-05		8.54E-05	0		0	0	
 	Minimum	0.626637212	0.056732	0.012488	0.266178457	0.000206	0.000049		0.000367	0.000475	0.000141		0.00048	0.000005		0.000005	0.000005	
 	Maximum	0.634223278	0.089034286	0.016072971	0.298104	0.00027261	0.000051		0.000404681	0.000976	0.000176776		0.000641178	0.000005		0.000005	0.000005	
Nerve	0	0.637920219	0.097978005	0.010826781	0.250606855	0.000527704			0.00078336	0.00037835	0.000513291		0.000465434					
 	0	0	0	0	0	0			0	0	0		0					
 	0	0.637920219	0.097978005	0.010826781	0.250606855	0.000527704			0.00078336	0.00037835	0.000513291		0.000465434					
 	0	0.637920219	0.097978005	0.010826781	0.250606855	0.000527704			0.00078336	0.00037835	0.000513291		0.000465434					
Ovary	Average	0.643230032	0.047810918	0.010580018	0.296393943	0.000537082			0.000398851	0.000385066	0.000348164		0.000315926					
 	Standard Deviation 	4.49E-08	1.15E-07	2.52E-08	8.12E-08	1.16E-07			2.11E-07	9.39E-08	2.32E-07		1.05E-07					
 	Minimum	0.64323	0.047810837	0.01058	0.296393885	0.000537			0.000398701	0.000385	0.000348		0.000315852					
 	Maximum	0.643230064	0.047811	0.010580036	0.296394	0.000537164			0.000399	0.000385133	0.000348328		0.000316					
Pancreas	Average	0.639404248	0.085550533	0.009549732	0.263730347	0.000528932			0.000392591	0.000189615	0.00034299		0.000311012					
 	Standard Deviation 	0	0.1416159	0	0	0			0	0	0		0					
 	Minimum	0.639404248	0.085550533	0.009549732	0.263730347	0.000528932			0.000392591	0.000189615	0.00034299		0.000311012					
 	Maximum	0.639404248	0.085550533	0.009549732	0.263730347	0.000528932			0.000392591	0.000189615	0.00034299		0.000311012					
Pineal Body	Average	0.638600738	0.061321024	0.01060489	0.288192937	0.000538426			0.000199819	0.000193019	0.000349147							
 	Standard Deviation 	0	0	0	0	0			0	0	0							
 	Minimum	0.638600738	0.061321024	0.01060489	0.288192937	0.000538426			0.000199819	0.000193019	0.000349147							
 	Maximum	0.638600738	0.061321024	0.01060489	0.288192937	0.000538426			0.000199819	0.000193019	0.000349147							
Placenta	Average	0.599443383	0.102978414	0.013215545	0.278835104	0.000373329	4.98E-06	3.49E-06	0.000125765	0.00197772	0.002687521		0.00027373	4.48E-06		7.60E-05	4.98E-07	
 	Standard Deviation 	0.046466753	0.072242498	3.06E-05	0.02565289	0.000184182	0	0	7.81E-05	0.002311787	0.003142596		1.81E-05	0		3.44E-05	0	
 	Minimum	0.568890087	0.052291	0.013244665	0.261767335	0.000244528	0.00001	0.000007	0.000071	0.00035064	0.000475698		0.000262	0.000009		0.000052	0.000001	
 	Maximum	0.634604	0.15445732	0.013288	0.298046	0.000505	0.00001	0.000007	0.000181497	0.00362	0.00492		0.000287564	0.000009		0.000100665	0.000001	
Pons	Average	0.654712	0.062268	0.005654	0.274952	0.000477	0.000037		0.000682	0.000329	0.000397		0.000473	0.000013		0.000005	0.000001	
 	Standard Deviation 	0	0	0	0	0	0		0	0	0		0	0		0	7.07E-07	
 	Minimum	0.654712	0.062268	0.005654	0.274952	0.000477	0.000037		0.000682	0.000329	0.000397		0.000473	0.000013		0.000005	0.000001	
 	Maximum	0.654712	0.062268	0.005654	0.274952	0.000477	0.000037		0.000682	0.000329	0.000397		0.000473	0.000013		0.000005	0.000001	
Prostate	Average	0.64313208	0.045747487	0.011019192	0.29866396	0.000537082			0.00019932	0.000385074			0.000315804					
 	Standard Deviation 	0	0.1416159	0	0	0			0	0			0					
 	Minimum	0.64313208	0.045747487	0.011019192	0.29866396	0.000537082			0.00019932	0.000385074			0.000315804					
 	Maximum	0.64313208	0.045747487	0.011019192	0.29866396	0.000537082			0.00019932	0.000385074			0.000315804					
Salivary Gland	Average	0.64313208	0.045747487	0.011019192	0.29866396	0.000537082			0.00019932	0.000385074			0.000315804					
 	Standard Deviation 	0	0.1416159	0	0	0			0	0			0					
 	Minimum	0.64313208	0.045747487	0.011019192	0.29866396	0.000537082			0.00019932	0.000385074			0.000315804					
 	Maximum	0.64313208	0.045747487	0.011019192	0.29866396	0.000537082			0.00019932	0.000385074			0.000315804					
SAT (Subcutaneous Fat)	Average	0.49970225	0.366640376	0.003015783	0.129464186	0.000180688			0.0005	0.000129548	0.000117168			0.00025				
 	Standard Deviation 	0.253144987	0.184083251	0.003470394	0.070534002	5.26E-06			0	3.77E-06	3.41E-06			0				
 	Minimum	0.12	0.243816217	0.000525712	0.067109586	0.000235879			0.002	0.000169119	0.000152957			0.001				
 	Maximum	0.629395608	0.64	0.008	0.229	0.00024638			0.002	0.000176648	0.000159767			0.001				
Skin	Average	0.621321031	0.109044845	0.019079938	0.248879469	0.000412294	0.00000375		0.000167746	0.000417697	0.000513412	0	0.000153568	0.00000575		0.00000025	0.00000025	
 	Standard Deviation 	0.004305383	0.020154413	0.001884975	0.017685167	0.000262201	0		6.78E-05	0.000116209	3.03E-05	0	1.24E-05	#DIV/0!		0	0	
 	Minimum	0.617142852	0.082356361	0.016537668	0.230942112	0.000019	0.000015		0.000066	0.000308	0.000468	0	0.000135	0.000023		0.000001	0.000001	
 	Maximum	0.627328582	0.129476834	0.020589	0.271950267	0.000544633	0.000015		0.000202122	0.000581983	0.000529757	0	0.000160122	0.000023		0.000001	0.000001	
Skull Cancellous	Average	0.577227993	0.230237565	0.013683127	0.157009347	0.000297734	0.000281623		0.0075136	0.000426935	0.000386136	0	0.000175067	0.012638305		0.000122568		
 	Standard Deviation 	0	0.1416159	0	0	0	0		0	0	0	0	0	0		0		
 	Minimum	0.577227993	0.230237565	0.013683127	0.157009347	0.000297734	0.000281623		0.0075136	0.000426935	0.000386136	0	0.000175067	0.012638305		0.000122568		
 	Maximum	0.577227993	0.230237565	0.013683127	0.157009347	0.000297734	0.000281623		0.0075136	0.000426935	0.000386136	0	0.000175067	0.012638305		0.000122568		
Skull Cortical	Average	0.433852878	0.135997538	0.032643135	0.299529614	0.000252944	0.000937516		0.036527707	0.001042566				0.059215102			1.00E-06	
 	Standard Deviation 	0.058744935	0.019930023	0.003155001	0.023588611	0	2.76E-05		0.003036981	6.44E-05				0.008595189			1.41E-06	
 	Minimum	0.392311116	0.121904	0.030412	0.282848	0.000505885	0.000918		0.03438	0.000997				0.053137			0	
 	Maximum	0.475389	0.150089308	0.034873846	0.316207334	0.000505885	0.000957019		0.03867494	0.001088119				0.065292433			0.000002	
Small Intestine	Average	0.636502085	0.071391688	0.01277213	0.277992283	0.000268328			0.000199162	0.000384769	0.000174		0.000315554					
 	Standard Deviation 	0	0.1416159	0	0	0			0	0	0		0					
 	Minimum	0.636502085	0.071391688	0.01277213	0.277992283	0.000268328			0.000199162	0.000384769	0.000174		0.000315554					
 	Maximum	0.636502085	0.071391688	0.01277213	0.277992283	0.000268328			0.000199162	0.000384769	0.000174		0.000315554					
Spinal Cord	Average	0.654712	0.062268	0.005654	0.274952	0.000477	0.000037		0.000682	0.000329	0.000397		0.000473	0.000013		0.000005	0.000001	
 	Standard Deviation 	0	0	0	0	0	0		0	0	0		0	0		0	7.07E-07	
 	Minimum	0.654712	0.062268	0.005654	0.274952	0.000477	0.000037		0.000682	0.000329	0.000397		0.000473	0.000013		0.000005	0.000001	
 	Maximum	0.654712	0.062268	0.005654	0.274952	0.000477	0.000037		0.000682	0.000329	0.000397		0.000473	0.000013		0.000005	0.000001	
Spleen	Average	0.636563798	0.058607003	0.014231594	0.288505372	0.00027096			0.000603346	0.000388542	0.000351412		0.000477972					
 	Standard Deviation 	0	0	0	0	0			0	0	0		0					
 	Minimum	0.636563798	0.058607003	0.014231594	0.288505372	0.00027096			0.000603346	0.000388542	0.000351412		0.000477972					
 	Maximum	0.636563798	0.058607003	0.014231594	0.288505372	0.00027096			0.000603346	0.000388542	0.000351412		0.000477972					
Stomach	Average	0.636502085	0.071391688	0.01277213	0.277992283	0.000268328			0.000199162	0.000384769	0.000174		0.000315554					
 	Standard Deviation 	0	0	0	0	0			0	0	0		0					
 	Minimum	0.636502085	0.071391688	0.01277213	0.277992283	0.000268328			0.000199162	0.000384769	0.000174		0.000315554					
 	Maximum	0.636502085	0.071391688	0.01277213	0.277992283	0.000268328			0.000199162	0.000384769	0.000174		0.000315554					
Testis	Average	0.643905293	0.049603976	0.008784989	0.29587363	0.000559236	9.33E-06		0.000215356	0.000349552	0.000373029		0.000319273	0.000005		6.67E-07	6.67E-07	
 	Standard Deviation 	0.002204288	0.001669676	4.33E-05	0.003730292	4.40E-05	0		3.00E-05	5.76E-05	4.67E-05		9.29E-06	0		0	0	
 	Minimum	0.64136	0.047676	0.008759967	0.29371989	0.000533708	0.000028		0.000198	0.000283	0.000346		0.00031382	0.000015		0.000002	0.000002	
 	Maximum	0.645178	0.050568	0.008835	0.300181	0.00061	0.000028		0.00025	0.000383	0.000427		0.00033	0.000015		0.000002	0.000002	
Thalamus	Average	0.654712	0.062268	0.005654	0.274952	0.000477	0.000037		0.000682	0.000329	0.000397		0.000473	0.000013		0.000005	0.000001	
 	Standard Deviation 	0	0	0	0	0	0		0	0	0		0	0		0	7.07E-07	
 	Minimum	0.654712	0.062268	0.005654	0.274952	0.000477	0.000037		0.000682	0.000329	0.000397		0.000473	0.000013		0.000005	0.000001	
 	Maximum	0.654712	0.062268	0.005654	0.274952	0.000477	0.000037		0.000682	0.000329	0.000397		0.000473	0.000013		0.000005	0.000001	
Thyroid Gland	Average	0.638600738	0.061321024	0.01060489	0.288192937	0.000538426			0.000199819	0.000193019	0.000349147							
 	Standard Deviation 	0	0	0	0	0			0	0	0							
 	Minimum	0.638600738	0.061321024	0.01060489	0.288192937	0.000538426			0.000199819	0.000193019	0.000349147							
 	Maximum	0.638600738	0.061321024	0.01060489	0.288192937	0.000538426			0.000199819	0.000193019	0.000349147							
Tongue	Average	0.631286342	0.068516135	0.014553224	0.283624003	0.000248016	2.00E-05		0.00039649	0.000641266	0.000134039		0.000577485	1.00E-06		1.00E-06	1.00E-06	
 	Standard Deviation 	0.002903477	0.013365895	0.001530672	0.012530881	3.32E-05	1.41E-06		1.65E-05	0.000193103	1.77E-05		8.54E-05	0		0	0	
 	Minimum	0.626637212	0.056732	0.012488	0.266178457	0.000206	0.000049		0.000367	0.000475	0.000141		0.00048	0.000005		0.000005	0.000005	
 	Maximum	0.634223278	0.089034286	0.016072971	0.298104	0.00027261	0.000051		0.000404681	0.000976	0.000176776		0.000641178	0.000005		0.000005	0.000005	
Tooth	Average	0.311732781	0.112966523	0.029570362	0.37581393		0.004113362		0.063171485					0.102631558				
 	Standard Deviation 	0	0	0	0		0		0					0				
 	Minimum	0.311732781	0.112966523	0.029570362	0.37581393		0.004113362		0.063171485					0.102631558				
 	Maximum	0.311732781	0.112966523	0.029570362	0.37581393		0.004113362		0.063171485					0.102631558				
Tooth (Dentine)	Average	0.433852878	0.135997538	0.032643135	0.299529614	0.000252944	0.000937516		0.036527707	0.001042566				0.059215102			1.00E-06	
 	Standard Deviation 	0.058744935	0.019930023	0.003155001	0.023588611	0	2.76E-05		0.003036981	6.44E-05				0.008595189			1.41E-06	
 	Minimum	0.392311116	0.121904	0.030412	0.282848	0.000505885	0.000918		0.03438	0.000997				0.053137			0	
 	Maximum	0.475389	0.150089308	0.034873846	0.316207334	0.000505885	0.000957019		0.03867494	0.001088119				0.065292433			0.000002	
Tooth (Enamel)	Average	0.36623423	0.024587551	0.004216749	0.391305331		0.003037582		0.080564989					0.130053567				
 	Standard Deviation 	0	0	0	0		0		0					0				
 	Minimum	0.36623423	0.024587551	0.004216749	0.391305331		0.003037582		0.080564989					0.130053567				
 	Maximum	0.36623423	0.024587551	0.004216749	0.391305331		0.003037582		0.080564989					0.130053567				
Trachea	Average	0.629719261	0.072728857	0.014806022	0.280056797	0.000273354			0.000811571	0.000783951	0.000177259		0.000642928					
 	Standard Deviation 	0	0	0	0	0			0	0	0		0					
 	Minimum	0.629719261	0.072728857	0.014806022	0.280056797	0.000273354			0.000811571	0.000783951	0.000177259		0.000642928					
 	Maximum	0.629719261	0.072728857	0.014806022	0.280056797	0.000273354			0.000811571	0.000783951	0.000177259		0.000642928					
Trachea Lumen	Average	0	0.00015	0.784431	0.210748							0.004671						
 	Standard Deviation 	0	0	0	0							0						
 	Minimum	0	0.00015	0.784431	0.210748							0.004671						
 	Maximum	0	0.00015	0.784431	0.210748							0.004671						
Urinary Bladder Wall	Average	0.643194985	0.04935043	0.01146108	0.293676362	0.000537135			0.00039868	0.000385112	0.000522464		0.000473752					
 	Standard Deviation 	0	0	0	0	0			0	0	0		0					
 	Minimum	0.643194985	0.04935043	0.01146108	0.293676362	0.000537135			0.00039868	0.000385112	0.000522464		0.000473752					
 	Maximum	0.643194985	0.04935043	0.01146108	0.293676362	0.000537135			0.00039868	0.000385112	0.000522464		0.000473752					
Urine	Average	0.663153671	0.002529635	0.004338308	0.327385728	0.001057259			0.000196183		0.001028382		0.000310834					
 	Standard Deviation 	0	0	0	0	0			0		0		0					
 	Minimum	0.663153671	0.002529635	0.004338308	0.327385728	0.001057259			0.000196183		0.001028382		0.000310834					
 	Maximum	0.663153671	0.002529635	0.004338308	0.327385728	0.001057259			0.000196183		0.001028382		0.000310834					
Vertebrae	Average	0.433852878	0.135997538	0.032643135	0.299529614	0.000252944	0.000937516	0	0.036527707	0.001042566				0.059215102			1.00E-06	
 	Standard Deviation 	0.058744935	0.019930023	0.003155001	0.023588611	0	2.76E-05	0	0.003036981	6.44E-05				0.008595189			1.41E-06	
 	Minimum	0.392311116	0.121904	0.030412	0.282848	0.000505885	0.000918	0	0.03438	0.000997				0.053137			0	
 	Maximum	0.475389	0.150089308	0.034873846	0.316207334	0.000505885	0.000957019	0	0.03867494	0.001088119				0.065292433			0.000002	
Water	Average	0.666666667			0.333333333													
 	Standard Deviation 	0			0													
 	Minimum	0.666666667			0.333333333													
 	Maximum	0.666666667			0.333333333													
