																																																																																																																	
Air Density [kg/m3]							Air Heat Capacity [J/(kg*K)]							Air Thermal Conductivity [W/(m*K))]							Air Dynamic Viscosity [Pa*s]							Water Dynamic Viscosity [Pa*s]							Blood Dynamic Viscosity [Pa*s]							Urine Dynamic Viscosity [Pa*s]							Cerebrospinal Fluid Dynamic Viscosity [Pa*s]							Lymph  Dynamic Viscosity [Pa*s]							Vitreous Humor Dynamic Viscosity [Pa*s]							Blood Plasma Dynamic Viscosity [Pa*s]							Blood Serum Dynamic Viscosity [Pa*s]							Other Densities				Dielectric Properties of Urine														Heat Capacity (J/kg/°C)						Thermal Conductivity (W/m/°C)					
Fit	"y= 311.26*power(x,-0.9796)"													Fit	"y= 0.000200*POWR(x,0.853437)"						Fit	"y=-0.000000000030038*POWER(x,2)+0.000000067245*x+0.00000098622"						Fit	"y=0.000000000032276*POWER(x,4)-0.000000044266*POWER(x,3)+0.000022804*POWER(x,2)-0.0052358*x+0.452928"																																																																																				
T(°C)	T(K)	av	sd	n	min	max	T(°C)	T(K)	av	sd	n	min	max	T(°C)	T(K)	av	sd	n	min	max	T(°C)	T(K)	av	sd	n	min	max	T(°C)	T(K)	av	sd	n	min	max	T(°C)	T(K)	av	sd	n	min	max	T(°C)	T(K)	av	sd	n	min	max	T(°C)	T(K)	av	sd	n	min	max	T(°C)	T(K)	av	sd	n	min	max	T(°C)	T(K)	av	sd	n	min	max	T(°C)	T(K)	av	sd	n	min	max	T(°C)	T(K)	av	sd	n	min	max	Lymph	Urine	Blood Plasma	Blood Serum	ef	del1	tau1 (ps)	alf1	del2	tau2 (ns)	alf2	sig	del3	tau3 (µs)	alf3	del4	tau4 (ms)	alf4	Fluid	av	sd	n	min	max	Fluid	av	sd	n	min	max
-150	123.15	2.793	0	1	2.793	2.793	-150	123.15	1026	0	1	1026	1026	-150	123.15	0.0116	0	1	0.0116	0.0116	-153.15	120	0.000008445	0	1	0.000008445	0.000008445	0	273.15	0.001790133	2.71539E-06	3	0.001787	0.0017918	4	277.15	0.03345	0.0072832	2	0.0283	0.0386	20	293.15	0.010325328	0	1	0.010325328	0.010325328	37	310.15	0.000783571	7.38644E-05	7	0.00065	0.00088	37	310.15	0.0018	0	1	0.0018	0.0018	37	310.15	1057	0	1	1057	1057	37	310.15	0.0013175	2.62996E-05	4	0.00128	0.00134	37	310.15	0.00122	0	1	0.00122	0.00122	1019	1012.226409	1020.05	1024	3	65.5	6.93	1	28.4	1.78	1	1.75	0	159.155	0	0	15.915	0	Blood Plasma	3930	0	1	3930	3930	Blood Plasme	0.582	0	1	0.582	0.582
-100	173.15	1.98	0	1	1.98	1.98	-100	173.15	1009	0	1	1009	1009	-100	173.15	0.016	0	1	0.016	0.016	-150	123.15	0.0000086	0	1	0.0000086	0.0000086	5	278.15	0.0015191	1.41421E-07	2	0.001519	0.0015192	22	295.15	0.01175	0	1	0.01175	0.01175	37	310.15	0.008016077	0	1	0.008016077	0.008016077																																																						Urine	4178	0	1	4178	4178	Urine	0.56	0	1	0.56	0.56
-50	223.15	1.534	0	1	1.534	1.534	-50	223.15	1005	0	1	1005	1005	-93.15	180	0.01667	0	1	0.01667	0.01667	-133.15	140	0.000009729	0	1	0.000009729	0.000009729	10	283.15	0.0013066	6.08276E-07	3	0.0013059	0.001307	27	300.15	0.0069	0	1	0.0069	0.0069	42	315.15	0.006783364	0	1	0.006783364	0.006783364																																																						Water	4178	0	1	4178	4178	Water	0.6045	0.006363961	2	0.6	0.609
-20	253.15	1.3769	0	1	1.3769	1.3769	0	273.15	1005	0	1	1005	1005	-73.15	200	0.01836	0	1	0.01836	0.01836	-113.15	160	0.00001097	0	1	0.00001097	0.00001097	15	288.15	0.0011382	0	1	0.0011382	0.0011382	32	305.15	0.005425	0	1	0.005425	0.005425																																																																								
-10	263.15	1.3246	0	1	1.3246	1.3246	20	293.15	1005	0	1	1005	1005	-50	223.15	0.0204	0	1	0.0204	0.0204	-100	173.15	0.00001178	0	1	0.00001178	0.00001178	20	293.15	0.001001867	2.3094E-07	3	0.0010016	0.001002	37	310.15	0.00364875	0.000772074	8	0.0021	0.00453																																																																								
0	273.15	1.28455	0.011950105	2	1.2761	1.293	40	313.15	1005	0	1	1005	1005	-23.15	250	0.02241	0	1	0.02241	0.02241	-93.15	180	0.00001217	0	1	0.00001217	0.00001217	25	298.15	0.00089015	2.12132E-07	2	0.00089	0.0008903																																																																															
10	283.15	1.231	0	1	1.231	1.231	60	333.15	1009	0	1	1009	1009	-20	253.15	0.0228	0	1	0.0228	0.0228	-73.15	200	0.00001332	0	1	0.00001332	0.00001332	30	303.15	0.000797567	4.04145E-07	3	0.0007972	0.000798																																																																															
20	293.15	1.197	0.011313708	2	1.189	1.205	80	353.15	1009	0	1	1009	1009	-10	263.15	0.0236	0	1	0.0236	0.0236	-50	223.15	0.00001465	0	1	0.00001465	0.00001465	35	308.15	0.0007195	0	1	0.0007195	0.0007195																																																																															
30	303.15	1.1498	0	1	1.1498	1.1498	100	373.15	1009	0	1	1009	1009	0	273.15	0.0243	0	2	0.0243	0.0243	-23.15	250	0.00001604	0	1	0.00001604	0.00001604	40	313.15	0.000652967	2.51661E-07	3	0.0006527	0.0006532																																																																															
37	310.15	1.128183106	0	1	1.128183106	1.128183106	120	393.15	1013	0	1	1013	1013	10	283.15	0.025	0	1	0.025	0.025	-20	253.15	1.6150E-05	0	1	0.00001615	0.00001615	45	318.15	0.0005963	0	1	0.0005963	0.0005963																																																																															
40	313.15	1.12005	0.009828784	2	1.1131	1.127	140	413.15	1013	0	1	1013	1013	20	293.15	0.0257	0	2	0.0257	0.0257	-10	263.15	0.00001667	0	1	0.00001667	0.00001667	50	323.15	0.000546867	3.21455E-07	3	0.0005465	0.0005471																																																																															
60	333.15	1.067	0	1	1.067	1.067	160	433.15	1017	0	1	1017	1017	26.85	300	0.02623	0	1	0.02623	0.02623	0	273.15	0.00001719	1.41421E-08	2	0.00001718	0.0000172	55	328.15	0.0005042	0	1	0.0005042	0.0005042																																																																															
80	353.15	1	0	1	1	1	180	453.15	1022	0	1	1022	1022	30	303.15	0.0264	0	1	0.0264	0.0264	10	283.15	0.00001768	0	1	0.00001768	0.00001768	60	333.15	0.000466533	5.03322E-07	3	0.000466	0.000467																																																																															
100	373.15	0.946	0	1	0.946	0.946	200	473.15	1026	0	1	1026	1026	40	313.15	0.02705	7.07107E-05	2	0.027	0.0271	20	293.15	0.000018195	2.12132E-08	2	0.00001818	0.00001821	65	338.15	0.0004334	0	1	0.0004334	0.0004334																																																																															
120	393.15	0.898	0	1	0.898	0.898	250	523.15	1034	0	1	1034	1034	60	333.15	0.0285	0	1	0.0285	0.0285	26.85	300	0.00001856	0	1	0.00001856	0.00001856	70	343.15	0.000403833	2.08167E-07	3	0.0004036	0.000404																																																																															
140	413.15	0.854	0	1	0.854	0.854	300	573.15	1047	0	1	1047	1047	76.85	350	0.02984	0	1	0.02984	0.02984	30	303.15	0.00001866	0	1	0.00001866	0.00001866	75	348.15	0.0003775	0	1	0.0003775	0.0003775																																																																															
160	433.15	0.815	0	1	0.815	0.815	350	623.15	1055	0	1	1055	1055	80	353.15	0.0299	0	1	0.0299	0.0299	40	313.15	0.000019135	7.07107E-09	2	0.00001913	0.00001914	80	353.15	0.0003543	6.245E-07	3	0.0003538	0.000355																																																																															
180	453.15	0.779	0	1	0.779	0.779	400	673.15	1068	0	1	1068	1068	100	373.15	0.0314	0	1	0.0314	0.0314	60	333.15	0.00002017	0	1	0.00002017	0.00002017	85	358.15	0.0003323	0	1	0.0003323	0.0003323																																																																															
200	473.15	0.746	0	1	0.746	0.746								120	393.15	0.0328	0	1	0.0328	0.0328	76.85	350	0.0000209	0	1	0.0000209	0.0000209	90	363.15	0.000314	1.11355E-06	3	0.0003128	0.000315																																																																															
250	523.15	0.675	0	1	0.675	0.675								126.85	400	0.03328	0	1	0.03328	0.03328	80	353.15	0.00002094	0	1	0.00002094	0.00002094	95	368.15	0.0002949	0	1	0.0002949	0.0002949																																																																															
300	573.15	0.616	0	1	0.616	0.616								140	413.15	0.0343	0	1	0.0343	0.0343	100	373.15	0.00002181	0	1	0.00002181	0.00002181	100	373.15	0.00028015	2.6163E-06	2	0.0002783	0.000282																																																																															
350	623.15	0.566	0	1	0.566	0.566								160	433.15	0.0358	0	1	0.0358	0.0358	120	393.15	0.00002266	0	1	0.00002266	0.00002266																																																																																						
400	673.15	0.524	0	1	0.524	0.524								176.85	450	0.03656	0	1	0.03656	0.03656	126.85	400	0.00002309	0	1	0.00002309	0.00002309																																																																																						
														180	453.15	0.0372	0	1	0.0372	0.0372	140	413.15	0.00002353	0	1	0.00002353	0.00002353																																																																																						
														200	473.15	0.0386	0	1	0.0386	0.0386	160	433.15	0.00002433	0	1	0.00002433	0.00002433																																																																																						
														226.85	500	0.03971	0	1	0.03971	0.03971	180	453.15	0.00002515	0	1	0.00002515	0.00002515																																																																																						
														250	523.15	0.0421	0	1	0.0421	0.0421	176.85	450	0.00002516	0	1	0.00002516	0.00002516																																																																																						
														276.85	550	0.04277	0	1	0.04277	0.04277	200	473.15	0.00002583	0	1	0.00002583	0.00002583																																																																																						
														300	573.15	0.0454	0	1	0.0454	0.0454	226.85	500	0.00002713	0	1	0.00002713	0.00002713																																																																																						
														326.85	600	0.04573	0	1	0.04573	0.04573	250	523.15	0.00002779	0	1	0.00002779	0.00002779																																																																																						
														350	623.15	0.0485	0	1	0.0485	0.0485	276.85	550	0.00002902	0	1	0.00002902	0.00002902																																																																																						
														376.85	650	0.04863	0	1	0.04863	0.04863	300	573.15	0.00002948	0	1	0.00002948	0.00002948																																																																																						
														400	673.15	0.0515	0	1	0.0515	0.0515	326.85	600	0.00003082	0	1	0.00003082	0.00003082																																																																																						
																					350	623.15	0.00003116	0	1	0.00003116	0.00003116																																																																																						
																					400	673.15	0.00003277	0	1	0.00003277	0.00003277																																																																																						
